	A10-1	A10-2	A11-2	A12-1	A13-6	A14	A15-1	A15-8	A21-9	A26-3	A30-10	A34-4	A35-2	A36	A38-1	A39-2	A4-5	A40-2	A42-3	A45-1	A49-8	A6-1	A7-1	A8	FL-1	FL-10	FL-13	FL-16	FL-17	FL-20	FL-21	FL-22	FL-23	FL-24	FL-25	FL-26	FL-27	FL-3	FL-6	FL-7	FL-8	FL-9	H102-3	H105-1	H107-2	H113-1	H115-2	H118-1	H124-1	H124-2	H129-1	H134-2	H141-2	H146-2	H149-2	H164-2	H174-4	H176-4	H177-2	H181-2	H182-4	H183-4	H191-4	H193-2	H194-2	H207-4	H210-4	H211-4	H212-4	H213-4	H218-2	H220-4	H225-4	H226-4	H227-4	H230-6	H37-1	H45-1	H49	H50-1	L12-3	L18-2	L23-1	L23-3
A10-1	0.0	0.4423136054815131	0.7218459244173409	0.39206007521549374	0.8870003837423489	0.9247904025082253	0.886590112634815	0.8789705264933791	0.9716827913447704	0.8524422692545586	0.8424906897340877	0.9432071979955272	0.9369290156474359	0.8629259510198334	0.4381527398947	0.6175394357562521	0.912757452093549	0.9663051823681696	0.5387935496348406	0.9067869039375133	0.5625010218688314	0.812841129649047	0.37678138305677733	0.8631750033817976	0.9064704414482379	0.8388637408609513	0.9330025334555967	0.8510868566357949	0.9078749271307456	0.8776444676491286	0.9137588546632245	0.861146749632821	0.8240513585515877	0.9091399470357104	0.9083546511261016	0.7130268808424732	0.8895472695744304	0.9065598421928994	0.5265200619710844	0.93224086495461	0.8469448171447118	0.8244584401957288	0.6900584533096606	0.5305080750414398	0.7238312910168895	0.6717332743956925	0.8834315694324206	0.9528343836570252	0.9089219528239532	0.9444535397182572	0.922981991596384	0.9930468847799708	0.9488941371395944	0.9928607885006228	0.8261089607419704	0.9648053876709665	0.9108612600346718	0.4642420840931767	0.847606666043152	0.39957709147073545	0.30879437998395887	0.9382611250770782	0.9611048203108181	0.8765649366877968	0.5859183569148192	0.9437406994063886	0.9078522110049977	0.7833814014889141	0.8913499747590508	0.8823678068376325	0.9695889765539473	0.9170954225212901	0.8720298051593212	0.943453302303884	0.9249216004612081	0.5261429341030118	0.7240307474710477	0.9110963657701369	0.9716924757465916	0.7356554417889362	0.878026501409393	0.8142499659431057	0.4755446919165982	0.8130260796598903
A10-2	0.4423136054815131	0.0	0.646045854274885	0.38623937015240456	0.826824724282784	0.9620271798021298	0.8859829625426986	0.8753983246189867	0.9266882594353936	0.8519191648430822	0.9103712225856387	0.895865423362414	0.8365992991627988	0.7975961000548343	0.3694610017917162	0.6771017056926079	0.9108432874884312	0.8121663982955886	0.6781949920269288	0.9073602248847484	0.4715158581714096	0.7532211991223733	0.4526000481087458	0.8613756886896934	0.8744513676984227	0.8473095991664255	0.9001215788123365	0.9001862933661193	0.8665119931719246	0.9096523071445368	0.9571554556698203	0.9034286935796456	0.9093263335722305	0.9014744740130718	0.8939076538561604	0.6639271298255045	0.8184906560682859	0.9561944842649969	0.4631724159431632	0.9300795593765667	0.727098991969233	0.8767298771662704	0.6392555649269978	0.534432917851634	0.7182270228966702	0.7113228265795899	0.8301804543580142	0.8783057203587297	0.8680564739444803	0.8982609974660257	0.8776175575681892	0.9930123973997775	0.9486447457015474	0.9928244255173808	0.8670130078336098	0.9646376500477929	0.7704945215734171	0.37591811027388966	0.8198092941483716	0.4952285923850622	0.49590691418984845	0.9775212580327933	0.9609287677474293	0.8984986934698264	0.570484931386023	0.8950530644462827	0.8789853450639786	0.7320474481824519	0.8720141612305718	0.862480416462089	0.920984770314965	0.7746842927655371	0.8749239406104329	0.8963388681122991	0.8061848126556596	0.5584611133326318	0.7422220861180399	0.9106328298650759	0.9267145446354396	0.780966786305141	0.8536222838144572	0.8849010241979085	0.4594933892660025	0.8641586106758691
A11-2	0.7218459244173409	0.646045854274885	0.0	0.6824775713856003	0.8358536967953167	0.9291887233019265	0.9091493315786858	0.9046038734023328	0.9079444573327048	0.8733110419353272	0.8623017433148659	0.9338717565967788	0.7813928918182903	0.7566713837223531	0.6754169582145909	0.8218575025185072	0.8207378197456796	0.8682869849018504	0.6543957218706093	0.8833831674335151	0.6784145800106255	0.7379379046597625	0.7763191779134976	0.7828589820089812	0.8447911582819739	0.804143539811857	0.9264964015837179	0.8340513627461477	0.8901048987816614	0.8455803765357719	0.929490667473053	0.8921912125377232	0.9046318752174302	0.8870782725885772	0.8841503848834792	0.6924843508576215	0.8128458150391009	0.9307619189657735	0.6733697006340109	0.9022517935372086	0.710840864724669	0.7783858573472257	0.675755504824341	0.8033254276876104	0.7716397397686541	0.7828273976028345	0.8445185173563413	0.9435260187822039	0.9056751285320269	0.9350915294722224	0.8219983029302901	0.9943477248802645	0.9583301267037375	0.9942253601629609	0.8865264634706099	0.9711799781464449	0.8205506681781329	0.7737449203635466	0.7983301204768509	0.8055617208280162	0.7819480628389711	0.940346020311854	0.9678582371126739	0.836764366832146	0.5919267522314751	0.9109356961725634	0.8428264733441627	0.7466655155846378	0.8711713028181077	0.8426292855767519	0.9553679804387	0.834505355575503	0.8400609234255895	0.9341119248724546	0.8165963655913934	0.7434844206086637	0.7882442728637317	0.9001303019469337	0.9579619132762659	0.7896920823555953	0.8337304360024466	0.8026507183854944	0.7084431721683477	0.8290659564302395
A12-1	0.39206007521549374	0.38623937015240456	0.6824775713856003	0.0	0.9041581876995061	0.9558511496606422	0.8648624083908227	0.8604624800131306	0.9411624969990136	0.8348247432074901	0.8742254229881987	0.9543635503754089	0.9469996513461879	0.8658440827144451	0.31309736560291196	0.6486328108050057	0.905864969782302	0.9796447897545151	0.6575185620512475	0.9397982368541677	0.547267025788821	0.8397718101007473	0.3565544747403167	0.9144469788554804	0.9155894737414644	0.8739322942922658	0.9782413654142877	0.8328289377028995	0.9648884304270503	0.881079118586033	0.9684951092934155	0.905934124820096	0.8941443579836572	0.8971181625638759	0.8986325219463387	0.72384730003489	0.9247608732992255	0.9666971917681912	0.47100045193252926	0.9758375879894613	0.8503602543620264	0.8026569427639741	0.7374398905706575	0.5550550470383709	0.7503584323101822	0.6533927657272498	0.8746134506854653	0.9629812030221991	0.9141298757750748	0.9555022563144785	0.8326847991512231	0.9918292918774081	0.9401132639957728	0.9915711024294175	0.864540937995166	0.9589222909922782	0.9477433281128429	0.41010292982190144	0.8426299223401504	0.5150678961880846	0.41557237891696475	0.9735817643052954	0.954979872880597	0.8653478944920566	0.567967666788577	0.9531898886747243	0.8638314756586405	0.7718138201455659	0.912118993667969	0.8745288909096923	0.9853563771474423	0.9234065924365786	0.8521429966585073	0.9545889568042759	0.8988319370048419	0.546739282522046	0.7728695769256014	0.8510884106456221	0.986508350117669	0.7742305611463668	0.8542009322112916	0.849311287231039	0.43595283462604567	0.8427285974886854
A13-6	0.8870003837423489	0.826824724282784	0.8358536967953167	0.9041581876995061	0.0	0.9215548541817804	0.8934525248785988	0.893103884213409	0.9067431699461178	0.943081662674732	0.8727801618498574	0.9021017741790759	0.6722994488801506	0.6942671486750713	0.8557629898695965	0.9343414739271639	0.8182336640743305	0.8811350510048215	0.9054386669967993	0.8414951060895985	0.8577749908914681	0.8074688121666757	0.9544567572646275	0.8506246186117331	0.800870601738908	0.8172284994283768	0.7873928933966868	0.8592903836622576	0.7955758342282585	0.7141254544895842	0.9293963115427907	0.8859141877102168	0.9097651757010257	0.8846773965103546	0.7500957854516479	0.8025821354181021	0.7985822314560601	0.9157829316594585	0.8808261666009438	0.8486496878031299	0.682680024713488	0.8092111574923079	0.8276674327670424	0.9313565331726865	0.8971800316214139	0.9256582850490548	0.8231929248908428	0.8560365953415743	0.9031614428395728	0.9042219314359665	0.7837277554400232	0.9488951427351527	0.9517293524511397	0.9549460101858873	0.8685951827511789	0.9667149957741233	0.7400197696548648	0.9296899286650757	0.8301252768947723	0.944782082543187	0.9635393551015948	0.9419657436450025	0.9631150281669144	0.7633371754339153	0.8436861137700427	0.9004956253816214	0.857013671684484	0.8588587704200662	0.8691325359518979	0.8568847947148875	0.9259638845340143	0.7994648180857081	0.8609598076511761	0.9025203241347607	0.8385610183269749	0.8774880804434523	0.9280151027759543	0.9163445136924582	0.8924827170726948	0.9469098599551203	0.8391140014415898	0.8339869657911091	0.8071489467272399	0.825392677588684
A14	0.9247904025082253	0.9620271798021298	0.9291887233019265	0.9558511496606422	0.9215548541817804	0.0	0.9328135954255066	0.9345471959139335	0.9629767481820757	0.9516246678957945	0.7838427545790836	0.9506007656864855	0.8160637315220145	0.8221351982984374	0.9617046128277444	0.9789838359457506	0.8406499162018616	0.9488606268180142	0.9529703454144872	0.786248908302971	0.9303654359174841	0.8150478586784414	0.9157343804558984	0.8849709187716809	0.8878295434901868	0.647803464754475	0.9613025880188484	0.762095641878332	0.753632119046583	0.9097506291443079	0.806416136949539	0.9495473927883141	0.9645684855388404	0.9478827224394645	0.9807571682905576	0.9472325299263851	0.9101536517773776	0.714198955377061	0.8586294143684813	0.7746428870756881	0.8791550846732227	0.7838701056469077	0.942715357855656	0.9653397074321974	0.9574061591291236	0.9567437650208616	0.939118765927432	0.9694554002098016	0.9335021420202775	0.9537398137684343	0.9508376907440594	0.9715376022826948	0.9064891286849448	0.9681377860030802	0.9484661527019483	0.9427955313916551	0.8477495162073388	0.9562099339832725	0.8959470609010072	0.9659450346459056	0.9037894867726961	0.5599150245190709	0.9523311900260327	0.9753436144607563	0.9495451512259564	0.9493893012351291	0.9658176951034996	0.9723038444555996	0.9707507690944831	0.9802324483594629	0.9528481497653698	0.9553772506326579	0.9671050095861288	0.951242511643018	0.9550941302460297	0.934880414158455	0.9624754393743115	0.9338817132355155	0.9630162234925647	0.965521525427766	0.9559737138516439	0.880417477182307	0.9339287708063556	0.6789577829676187
A15-1	0.886590112634815	0.8859829625426986	0.9091493315786858	0.8648624083908227	0.8934525248785988	0.9328135954255066	0.0	0.22667080294637262	0.9578871043762462	0.944158512341629	0.8661931427472549	0.8504000135780284	0.9811610480701779	0.8490819254538718	0.8848998125707338	0.9400357624385516	0.9217345329498415	0.9648614242892656	0.8547273859843814	0.9627633322324688	0.9586678943077158	0.738412922858043	1.0	0.9338011415637785	0.9354700471667016	0.7457084661212167	0.9829216658086001	0.7122746107476712	0.9640611034288344	0.8825117322489792	0.9726633999689861	0.939028711232605	0.9167611772983623	0.9431418804732354	0.9453796439949987	0.9361338252314203	0.9868581242989269	0.9682272666551328	0.9831073829837615	1.0	0.8087547876442402	0.6148460172937419	0.9272360208133567	0.9606563712822549	0.9511807073154123	0.9503812158062861	0.8626874474258726	0.9151498776051682	0.9214825598853267	0.8619782110318598	0.7922979631947662	0.965617195927802	0.8130578032754096	0.9605294893874251	0.8385040475454556	0.8491312838608385	0.9294491703421464	0.9497359503556843	0.8631160405566511	0.9870598900047006	1.0	1.0	0.8568252264137785	0.8391419012960849	0.8424331565632026	0.909390094803133	0.9199390930960286	0.9361348801690745	0.8877712490221973	0.9552640602888343	0.9442701894991996	0.8344870787514455	0.905940237494756	0.8527952389327089	0.9175453838959265	0.9899482397560616	0.9572564731940596	0.4498426679029886	0.9579381716869734	0.9459307803940299	0.6037013702113174	0.8110114172791049	0.9220689814673422	0.49391416532856136
A15-8	0.8789705264933791	0.8753983246189867	0.9046038734023328	0.8604624800131306	0.893103884213409	0.9345471959139335	0.22667080294637262	0.0	0.9588100148538165	0.9446558591826975	0.8676286307370112	0.853916931013169	0.9812999279654308	0.8416629150678552	0.8810842374856099	0.9390530235595904	0.9228647901957335	0.965506301098438	0.8530292301210234	0.9634867254455401	0.9588966762800043	0.7450060610914604	1.0	0.9344989393182027	0.9361332810232846	0.7365644634894465	0.9830754513270155	0.7188311183820542	0.9647354085116113	0.8786252739808532	0.9730552959000617	0.9361668029188992	0.9173189522816841	0.9427976867776588	0.9439428357182569	0.935142483084009	0.9869493761044769	0.968620311915071	0.9832191337922034	1.0	0.8069307394013394	0.6131450995179036	0.9243030793849792	0.9609039073585212	0.9515612602303831	0.9507742848905366	0.8643416426276246	0.9162928760203027	0.9224622975283887	0.8649772717989495	0.795736383040212	0.9667446444984867	0.8185175526032388	0.9620081124276283	0.8333713399844184	0.8532756288927577	0.930241182719243	0.9501392676667345	0.8599390367447802	0.9871483707947855	1.0	1.0	0.8600497889010456	0.8410010155984452	0.8374070958727743	0.910692346964533	0.9204552233343901	0.936463741266086	0.8887828356482034	0.9554256703952004	0.9458750522374667	0.8368845693514447	0.9065313802274164	0.8562017223216097	0.9182443903761658	0.9900017110436861	0.9575484809074557	0.4733258031041391	0.9588588696934743	0.9462739508293797	0.5929286074583909	0.8018253180469419	0.9225580992893381	0.47163282221473835
A21-9	0.9716827913447704	0.9266882594353936	0.9079444573327048	0.9411624969990136	0.9067431699461178	0.9629767481820757	0.9578871043762462	0.9588100148538165	0.0	0.9853124136490757	0.9601048362086632	0.5544069540531479	0.8465232363449928	0.7189489871886354	0.7969082896705286	0.9717553848683996	0.8606434951472396	0.6234005287989612	0.9651607517498911	0.49104474594676034	0.9403582230851643	0.9778697528550633	1.0	0.8679298154151415	0.7904827061433481	0.9009731643636334	0.8248207577119274	0.9713909100008956	0.8002779454523684	0.9094877855072505	0.9428676391258592	0.9836701475805387	0.973373201476099	0.8994750193127559	0.9272607391914691	0.9421744637623789	0.7912338017930455	0.9503000494435826	0.9319827608318026	1.0	0.7594921307241872	0.8167565090987022	0.952095030357922	0.8827281262390441	0.8544929420186665	0.9660727261491099	0.8849535177387358	0.747161691461888	0.8071024859501125	0.6693808443899564	0.8569734690456028	0.9757665345996102	0.9623553255871763	0.9733449291811499	0.9620341492577514	0.9633040028378553	0.8841098418592889	0.9304792546720119	0.7586509978018071	0.8685612334418943	1.0	1.0	0.9687211366156758	0.8882025581529893	0.984732544436214	0.7300087135450094	0.8209126903889112	0.9070715833933264	0.965539569310135	0.9023785023120291	0.37051633563251146	0.7466363574331075	0.8283067973967256	0.5615344309130332	0.7570732363336574	0.9074882413157922	0.87259685120146	0.9584548645454675	0.5413121535711782	0.9740586010251728	0.7964400203362559	0.862923539269374	0.9366864518136461	0.9664966084584738
A26-3	0.8524422692545586	0.8519191648430822	0.8733110419353272	0.8348247432074901	0.943081662674732	0.9516246678957945	0.944158512341629	0.9446558591826975	0.9853124136490757	0.0	0.9415419087104552	0.8871639482759225	0.9555486609025815	0.9508474304272514	0.8331169608530413	0.9072701802201192	0.8263781798641966	0.9779515559181704	0.8273169794455228	0.9613645115379826	0.8730830396150074	0.9008579162199744	0.8524683540950929	0.8913131928859567	0.8570255238082455	0.9372767499579637	0.9328785314798198	0.8651954133467179	0.9618961204666355	0.9395523122954615	0.9661068761875828	0.8776980880099791	0.8780454508498033	0.9296337221442714	0.9090872407902476	0.9025772043143255	0.9248438005331328	0.9643475255374627	0.8539870190367136	0.9735610920207244	0.9212008417770751	0.9275393030337786	0.8345770596722214	0.729408926695616	0.7572894967181087	0.7536090354355378	0.9123450802583333	0.8998935899541076	0.7213703690286744	0.8763103310630934	0.9235987753418521	0.9569875314082269	0.7859978447917176	0.955435229714762	0.8413272263685186	0.8161502673702271	0.8619269113644279	0.7784122374593611	0.8491300107248412	0.8742946491845762	0.862735953330334	0.9708362042673352	0.7255626328294545	0.9647740848515606	0.8187457784712636	0.8511534551998882	0.8486756404917071	0.7580470681960773	0.8945961303672765	0.8903437041258337	0.9839441844458864	0.9274039242993725	0.8762806672641217	0.8744124232912976	0.8974258040697664	0.8955817382302022	0.6811288558503574	0.9444629144113582	0.9552820276474902	0.8278141326538162	0.9526157690089783	0.9387478306374617	0.7896785853339989	0.921542602477758
A30-10	0.8424906897340877	0.9103712225856387	0.8623017433148659	0.8742254229881987	0.8727801618498574	0.7838427545790836	0.8661931427472549	0.8676286307370112	0.9601048362086632	0.9415419087104552	0.0	0.9193295292236726	0.8707539636688005	0.8028481038493659	0.9098064475595631	0.9175493265944789	0.8816087818659526	0.9534165081967465	0.8328119640958278	0.8672486990561029	0.9228035093037927	0.8186211117028142	0.9391543013162151	0.8366599013190937	0.8785878731882023	0.7141796093166136	0.9281610062326543	0.7105941773061243	0.8694446211621829	0.8674508778519248	0.8823437068586801	0.8386262814103119	0.8654066220804278	0.8039079413764426	0.8554082679699777	0.8757045207360239	0.9080887387859083	0.794186894506375	0.8931883786845043	0.9011414397483261	0.8238562176157075	0.7854965240815321	0.8752735770819561	0.9208474184771428	0.9375353135978016	0.9512531612047577	0.8838288172179124	0.9374614216259973	0.9166169857750837	0.9218212021230943	0.8560784026922633	0.9898474203922049	0.925925574565631	0.9894457096387934	0.8517253893401927	0.9495148938875791	0.8830732164632699	0.9363213168001595	0.8659973789763835	0.9155613749976017	0.952231985663795	0.9068804209623335	0.9453942225661028	0.818083550973947	0.8615917628881845	0.9245865161967232	0.8966646950444632	0.904201845909736	0.8485433560663277	0.9172607505632091	0.9558192512336567	0.8888078569586328	0.8650151518884052	0.9198251748587825	0.91509435284659	0.9476115981917334	0.9016367297054767	0.8102693573991955	0.9601240561341705	0.9099175100714049	0.8634839193099103	0.5739048647983291	0.8608015497699104	0.7628614072502212
A34-4	0.9432071979955272	0.895865423362414	0.9338717565967788	0.9543635503754089	0.9021017741790759	0.9506007656864855	0.8504000135780284	0.853916931013169	0.5544069540531479	0.8871639482759225	0.9193295292236726	0.0	0.9156209196059383	0.7876383938857028	0.8358440286197069	0.9680201244104856	0.9347352971388172	0.632668144148603	0.9298045984902936	0.6093232117324123	0.9349252932780691	0.9240686174639027	1.0	0.8374189637290044	0.7597902067470232	0.8406684381580373	0.8268527772287116	0.7532464631784721	0.8046501669444376	0.9414375210254539	0.9437568714334967	0.9398933571648139	0.8995569092611927	0.888549992937849	0.9216809107886188	0.9392279810582914	0.8676326639868064	0.9433846263604427	0.9845097467973141	1.0	0.8355073387089385	0.9012123508766354	0.9056730228469366	0.7974511629551833	0.7444503485076442	0.8991158921383069	0.8544562134439208	0.5255655901143784	0.6206731499587177	0.276624206668879	0.9214670444995743	0.9764645451585887	0.6656790935524272	0.9741869879418733	0.8527534826311073	0.8909899975697436	0.7366746487645129	0.828638958845229	0.7302564611488348	0.869708512899022	1.0	1.0	0.7337326069051315	0.8781347159749333	0.9482225460130604	0.48777829021849933	0.8005565920807206	0.8417568377223246	0.867501392016653	0.8898530467695347	0.39598813557267953	0.6735509319560523	0.8088720558666909	0.0668244080081238	0.7284684649934217	0.9421285848097809	0.7786367746953834	0.8525649238853965	0.5549869136884374	0.9366957147418494	0.7784794762576754	0.9128767236669123	0.8737536205088067	0.8827688294615316
A35-2	0.9369290156474359	0.8365992991627988	0.7813928918182903	0.9469996513461879	0.6722994488801506	0.8160637315220145	0.9811610480701779	0.9812999279654308	0.8465232363449928	0.9555486609025815	0.8707539636688005	0.9156209196059383	0.0	0.6905055584294212	0.8663192157874102	0.9679697936359294	0.7637279557223545	0.7941323439641537	0.9614533897094452	0.8148517327881617	0.8141472082382014	0.8208146952591248	0.9493187670849469	0.7633699155897797	0.7112477686208217	0.7632289671751331	0.7937291069976439	0.9084601527970979	0.7363003717733535	0.8381733016048376	0.908710598436476	0.9182868518828364	0.9466953218162373	0.8981132801345116	0.8502665269863139	0.825170625940602	0.7421564276766616	0.853020899537264	0.7569272700561718	0.8412666800195995	0.6288304609995161	0.8206740782843965	0.8828429467372586	0.9409368442299979	0.9079830284942756	0.9385534080822359	0.8813424548057556	0.8624822808297617	0.9141092247272115	0.9176836995015384	0.804643177061559	0.9441383318743558	0.9718688084649865	0.9511359100298593	0.9280902921409052	0.9820398097181207	0.6553137611662327	0.9405467718351198	0.8435330369399969	0.9396237679886779	0.9515567115012672	0.9173087764125782	0.9831011496931732	0.9024492723214378	0.8880863895268601	0.8982206343724719	0.8676618433662757	0.8841102052512134	0.8852535821957818	0.9086420759835541	0.9131726399023472	0.7951809153836035	0.8711964919519992	0.9160290765591373	0.7935015054699983	0.8429641482908139	0.937841552226006	0.9812459987468827	0.8711546102974554	0.9664699636052965	0.8706983128431812	0.8453753545013054	0.9149412249406422	0.8892744387221629
A36	0.8629259510198334	0.7975961000548343	0.7566713837223531	0.8658440827144451	0.6942671486750713	0.8221351982984374	0.8490819254538718	0.8416629150678552	0.7189489871886354	0.9508474304272514	0.8028481038493659	0.7876383938857028	0.6905055584294212	0.0	0.762835843785992	0.925908031199033	0.6897666393982478	0.7612765954315179	0.8826313955311842	0.6931475176031024	0.8106391514581212	0.7178817499135884	0.9434521072565785	0.7688223756678126	0.7741699887682639	0.6524844813928304	0.8702440617692694	0.7992052515139637	0.7943508576074115	0.8009681931318987	0.8953876978588096	0.9120286422270351	0.9195806679555604	0.8429160453619632	0.8886762313551688	0.8309758201843197	0.7591978679017959	0.8539420141906882	0.8309278283830787	0.7738928917322695	0.5919779513820336	0.6720793798984558	0.8213783383760346	0.8821612815644704	0.8631716519493303	0.9394964067675554	0.7988103977923964	0.8359435508528662	0.8390890622751674	0.8231707092650128	0.712588705275686	0.9909658654966479	0.9339163246317074	0.9906491678549747	0.8735697198978344	0.9547984782594062	0.7757375808356073	0.8917556168901798	0.6390822653437795	0.8957960372983529	0.9463074933563426	0.900745010190814	0.9507467853970875	0.8399221423687728	0.7966158989997403	0.7406540871538848	0.8043207246727364	0.8258749437674332	0.8734238974255498	0.8314503829016687	0.8144366113491045	0.7144046402340074	0.7960768654548258	0.788963333982624	0.7256645949609931	0.8857943853540963	0.8750550996120009	0.8827001579013032	0.8327905261049767	0.9390339839677317	0.7542974670079315	0.7362553618683055	0.8382895634092409	0.7140726975938225
A38-1	0.4381527398947	0.3694610017917162	0.6754169582145909	0.31309736560291196	0.8557629898695965	0.9617046128277444	0.8848998125707338	0.8810842374856099	0.7969082896705286	0.8331169608530413	0.9098064475595631	0.8358440286197069	0.8663192157874102	0.762835843785992	0.0	0.6605147857621747	0.8791648296096977	0.8691608127193812	0.675902951644807	0.8236640548292724	0.5453144391208512	0.8588950602161723	0.4476355573062988	0.8755104721123368	0.8374044220148322	0.8477332844773035	0.8806108443953725	0.8993666274530716	0.9076947920005156	0.8523428917926629	0.9568497714131551	0.8932317149884955	0.8953201775670049	0.8596273769653549	0.875453156754683	0.7283825326096464	0.8383636506102691	0.9559003250436937	0.45284741321834104	0.9790008582775259	0.766687600675159	0.7808647549605483	0.7220057821738838	0.4712628122183579	0.6422573487961983	0.6679322456724112	0.8422170869016606	0.8662794334206252	0.8359152724179792	0.8615967809959627	0.8435838719292241	0.9708397764239687	0.9482004178830113	0.9700303961287065	0.8476689046153949	0.9643388948076127	0.884121869887346	0.40973591999244685	0.7424918740624342	0.4237962805825613	0.49169988829230826	0.9773175964552351	0.9606154108023036	0.8787573703424679	0.6776387151292718	0.8531446417561986	0.7782869627203864	0.7125087988032033	0.911966708236532	0.8333915305498623	0.8590622417387215	0.8012392276759811	0.7759490959797005	0.8366368459229983	0.8031108898917264	0.5543709791087629	0.6946232579610795	0.9098062078906836	0.8448353214677515	0.7776951832638687	0.825967352487812	0.8110605456201879	0.4725779601630723	0.8647671837853892
A39-2	0.6175394357562521	0.6771017056926079	0.8218575025185072	0.6486328108050057	0.9343414739271639	0.9789838359457506	0.9400357624385516	0.9390530235595904	0.9717553848683996	0.9072701802201192	0.9175493265944789	0.9680201244104856	0.9679697936359294	0.925908031199033	0.6605147857621747	0.0	0.960460251483656	0.9804698364201158	0.7642557143183518	0.9477376134571759	0.7182228750696551	0.9189106327862082	0.7077828512756911	0.9238545765630986	0.9528319730867022	0.9275662584210267	0.9533082990710221	0.9439313098836911	0.9729934496884697	0.9260698781175684	0.9677962999592069	0.8970537654383953	0.9015688491747911	0.9146251496030426	0.9131908497898403	0.8047800693416828	0.9291541566447978	0.9668246048629607	0.7322524132718771	0.9884100802841006	0.9207540155881876	0.9194385156126945	0.7776740604894105	0.7070958515469215	0.8466238140301755	0.8082409081115344	0.9232172370331002	0.9713168592049716	0.9448589644340813	0.9684191384643621	0.9426064965321496	0.9961923376901094	0.9718084944469751	0.9961371974116568	0.8896042511120243	0.9803812771081812	0.9624401256333288	0.697061613474193	0.9107610187173981	0.6932994442240669	0.7167665337985539	0.9879151039881678	0.9778272100909524	0.8960747846499504	0.8101568630042432	0.9662266937483491	0.9277923427983835	0.8402898342977088	0.9264272995649144	0.8978345783331707	0.9832629547151771	0.950263512816418	0.8997291904734375	0.9680983068426141	0.9409478519542391	0.7485743667497435	0.8195616591474801	0.9524110405506936	0.983920551041224	0.8174477744663762	0.9073512350558243	0.8927079534946673	0.7041584313948676	0.9299205587948874
A4-5	0.912757452093549	0.9108432874884312	0.8207378197456796	0.905864969782302	0.8182336640743305	0.8406499162018616	0.9217345329498415	0.9228647901957335	0.8606434951472396	0.8263781798641966	0.8816087818659526	0.9347352971388172	0.7637279557223545	0.6897666393982478	0.8791648296096977	0.960460251483656	0.0	0.8824305516976005	0.943940097558049	0.8034248023520223	0.8663431194625434	0.7575659309575199	0.9248536533892031	0.6684208487446094	0.7527266990276725	0.8641299742039439	0.9607683896431612	0.8080652704416114	0.8560383515441917	0.8624941979673029	0.8967510217848855	0.9529417670087431	0.9555639324707862	0.94421341082541	0.9461495089959624	0.9041655359677901	0.836421392813271	0.8862807412554713	0.803495357300141	0.6005088991982132	0.7035324193005861	0.5928561766407998	0.9078519972211528	0.8761371874840245	0.9482471114230219	0.9288635668771452	0.9170514628017081	0.9529558800367687	0.7807729523024846	0.9374005260358099	0.6817660645435049	0.98528636165816	0.9071339269423493	0.9844273676727775	0.9397305355685852	0.68361636641868	0.8164001704614323	0.9470693232299765	0.8448832382737153	0.9721918369409221	0.9420537294017075	0.8583917531214287	0.7238375116677621	0.9335765746846633	0.8462679565002176	0.924499750822702	0.9013975427882427	0.8441036234567516	0.9093951729782108	0.8997224853325285	0.9743080242603354	0.8724059679751077	0.9047180233712752	0.9352698634391613	0.8300222944193446	0.9232958202187701	0.8669069557749448	0.9224278110517813	0.9776553618918543	0.9336528709423844	0.8981255740484526	0.7520733714766068	0.912543839604207	0.7816803669206073
A40-2	0.9663051823681696	0.8121663982955886	0.8682869849018504	0.9796447897545151	0.8811350510048215	0.9488606268180142	0.9648614242892656	0.965506301098438	0.6234005287989612	0.9779515559181704	0.9534165081967465	0.632668144148603	0.7941323439641537	0.7612765954315179	0.8691608127193812	0.9804698364201158	0.8824305516976005	0.0	0.9589849986387429	0.6358109388074014	0.8867460367697679	0.8119413697722898	0.9909030997099881	0.8285883362569697	0.8907203974386566	0.8970355109997444	0.8132188374188182	0.9592571743309334	0.8071487429001164	0.9653257359729966	0.9350970499124843	0.980177784687208	0.9682281844859456	0.931461454195811	0.9600442615604158	0.9035143376741706	0.7633190472246051	0.9428729348762734	0.9046200212968034	0.8466326691510548	0.6984204515671424	0.9594223548918825	0.8998534211474515	0.8814948652392028	0.8545989056420904	0.9800074236164611	0.9005472349431249	0.7744308664012193	0.8113563666805895	0.7210817421758443	0.8798209237043478	0.9799999447030417	0.9481175475016111	0.9783788111984533	0.9555306497520689	0.9687147891904037	0.6943097036695446	0.9263978191795041	0.847645414271634	0.8679246858936578	0.9917216971067113	0.9770840488319821	0.9727398078856748	0.9295794755524046	0.861045445835063	0.7207889126948477	0.8831180262067231	0.8669862845803632	0.8697482628045371	0.9058506415786799	0.5161455880448018	0.537374923232163	0.8874910507140561	0.6375254784466622	0.7128452025593938	0.9384077622637663	0.8717747769564967	0.9652575871591678	0.6238148793311479	0.9690109535271887	0.8822192926776986	0.9500506922754599	0.9429522122448819	0.9531326917365781
A42-3	0.5387935496348406	0.6781949920269288	0.6543957218706093	0.6575185620512475	0.9054386669967993	0.9529703454144872	0.8547273859843814	0.8530292301210234	0.9651607517498911	0.8273169794455228	0.8328119640958278	0.9298045984902936	0.9614533897094452	0.8826313955311842	0.675902951644807	0.7642557143183518	0.943940097558049	0.9589849986387429	0.0	0.9417633678999124	0.7799101842975708	0.8305697296562787	0.7368580096393007	0.8985571862022452	0.9323633311370233	0.8482418692728769	0.9344479474244074	0.8773456066318458	0.9425600577281681	0.8884851497768983	0.9350718516355673	0.8616466717349188	0.8713883278998725	0.894791891750815	0.8948241483611437	0.7751672408467768	0.9125821408508823	0.9354649848430978	0.7878884954200487	0.9742852259874536	0.8669976403417081	0.8478410902536745	0.7057717060509765	0.729610040493248	0.6745440497012954	0.6912575235626809	0.8615693401008129	0.9439460872550359	0.8915248723777968	0.9316987926458365	0.9072333354647399	0.991272777022389	0.9361162527710815	0.9909775834041389	0.8099538886280422	0.9562597972296748	0.9290746399443236	0.7138608389969858	0.8567328256857247	0.6132989277438478	0.6572397041339662	0.9717148135504478	0.9522412144788657	0.8687515866653116	0.49310757960893364	0.9327171316262296	0.8959369710518571	0.7454535682723568	0.8866754848147874	0.8790041131542768	0.9619364567068492	0.9008192669392407	0.8658744071558854	0.930180181597462	0.9135839599442795	0.7278469408949301	0.6587556081636827	0.8869432059122214	0.9651754097682742	0.6874525015798982	0.8512628498639611	0.7988516492925507	0.7325982286882518	0.8345802926768958
A45-1	0.9067869039375133	0.9073602248847484	0.8833831674335151	0.9397982368541677	0.8414951060895985	0.786248908302971	0.9627633322324688	0.9634867254455401	0.49104474594676034	0.9613645115379826	0.8672486990561029	0.6093232117324123	0.8148517327881617	0.6931475176031024	0.8236640548292724	0.9477376134571759	0.8034248023520223	0.6358109388074014	0.9417633678999124	0.0	0.8734603122704008	0.8543408534440873	0.9104166000212958	0.8242069890205316	0.7482750560897351	0.788982241679073	0.8070669692632512	0.8088917620689948	0.5918967172418315	0.8903746222027958	0.8300181214479014	0.9525645642153976	0.9552764216019477	0.9101541511255978	0.9408716589852795	0.9026327648575286	0.7723249575710899	0.8330878416784734	0.9032304352612056	0.7935261704945402	0.728535348822568	0.7428667189296083	0.9141047059898113	0.8649633234332985	0.8331203381480016	0.9443660002104197	0.8555904014972738	0.7658385247705486	0.7757536855908412	0.7054085606506934	0.9247983928890418	0.9787361278564727	0.9404264990998048	0.9768942057048633	0.9366527874504401	0.9670624469977301	0.7903436708467528	0.9084935634318514	0.7376407361416606	0.8489543635929774	0.9321389794059453	0.7797536140317687	0.97149374892173	0.8576656991772735	0.9598716313760312	0.7279342440048658	0.8434604452519235	0.8926230853552882	0.9584988806060212	0.9050705316596979	0.4748075770410946	0.7477426626766365	0.8496121008247675	0.614812944554481	0.7913893400801125	0.8762925353142699	0.8535081632309007	0.9632079172487833	0.599293528583998	0.9564100993015209	0.7457735421996491	0.8176311311480872	0.8762507991877737	0.7736498946220162
A49-8	0.5625010218688314	0.4715158581714096	0.6784145800106255	0.547267025788821	0.8577749908914681	0.9303654359174841	0.9586678943077158	0.9588966762800043	0.9403582230851643	0.8730830396150074	0.9228035093037927	0.9349252932780691	0.8141472082382014	0.8106391514581212	0.5453144391208512	0.7182228750696551	0.8663431194625434	0.8867460367697679	0.7799101842975708	0.8734603122704008	0.0	0.8043556262123129	0.5236756518715324	0.8412290471479565	0.8963924679124613	0.7999786782392185	0.951931831452473	0.91287958796021	0.900573025574426	0.9105923226328347	0.9305032098163794	0.9117484458001224	0.9375185386392545	0.9356799186611926	0.9383374482579808	0.7097399621186312	0.8397017558013313	0.9388333304834741	0.4941270086129244	0.8964781123539954	0.8209291268537914	0.8988662000642934	0.7063253527224372	0.6294203113749046	0.7781536253476238	0.7405889736470506	0.8600896829287789	0.9442961838368366	0.9069739490024927	0.9361068568208285	0.8921710368857404	0.9923079820164392	0.9590069732620261	0.9921439032271827	0.9246762504744639	0.9716393410637051	0.8359510598181707	0.5382013108373054	0.8665026432871744	0.60478244294179	0.5420479257969901	0.9413911167552923	0.9683496759168189	0.8779215091747234	0.697984118510285	0.9195541727954196	0.8949231895621401	0.7873419907812749	0.9111006046155729	0.8669653030404165	0.9561098001115893	0.8567401703768522	0.9162846775634746	0.93515788338364	0.842986956558599	0.6133890727896684	0.7958900976083271	0.9588077362088332	0.9565175313829061	0.8143918021851342	0.8471392881872755	0.90444841999532	0.5690870252647834	0.8989134420558054
A6-1	0.812841129649047	0.7532211991223733	0.7379379046597625	0.8397718101007473	0.8074688121666757	0.8150478586784414	0.738412922858043	0.7450060610914604	0.9778697528550633	0.9008579162199744	0.8186211117028142	0.9240686174639027	0.8208146952591248	0.7178817499135884	0.8588950602161723	0.9189106327862082	0.7575659309575199	0.8119413697722898	0.8305697296562787	0.8543408534440873	0.8043556262123129	0.0	0.8845455456016545	0.7236979680920285	0.8728087424264406	0.7089305924845408	0.961001090889661	0.6815167554047302	0.8236698271538317	0.8366500050777663	0.8795909108516135	0.8908301677939723	0.8359200970128109	0.8941002987091636	0.9253917797353488	0.7889933980060126	0.7331943730173669	0.8871772667974631	0.8055742492707095	0.7323475201255323	0.6201460334036768	0.6386531231835086	0.79526210306319	0.9251779207617697	0.8536471163780767	0.8538660809295999	0.7767331554694166	0.9452677976028784	0.7889473501962936	0.9271695755341818	0.7769709566970697	0.9854695701108166	0.8950384061776173	0.9846324431938063	0.7405621620345928	0.929444184157024	0.7324693805467523	0.8500280436075255	0.7732493373466891	0.9442436741101291	0.8934074755391114	0.8289628164848192	0.9257596454834333	0.8906624051329692	0.6976827150046447	0.9162798854315638	0.841330454470602	0.8748824932724255	0.8235043081194703	0.8796074283449953	0.9746096525680457	0.713277805754383	0.8309204944158803	0.9246905790824594	0.8111472664656585	0.9171512013131791	0.9198869701770263	0.8032942516021638	0.9778838631233332	0.9127097187843104	0.805896896275158	0.7737502438572075	0.8526729876193344	0.5264403423825721
A7-1	0.37678138305677733	0.4526000481087458	0.7763191779134976	0.3565544747403167	0.9544567572646275	0.9157343804558984	1.0	1.0	1.0	0.8524683540950929	0.9391543013162151	1.0	0.9493187670849469	0.9434521072565785	0.4476355573062988	0.7077828512756911	0.9248536533892031	0.9909030997099881	0.7368580096393007	0.9104166000212958	0.5236756518715324	0.8845455456016545	0.0	0.9374355459609284	0.9383808600554328	0.9377439620831849	0.985805539520624	0.912682715634262	0.9118700610288935	0.95901517808846	0.9353603751810428	0.9340712972025011	0.9636528023481802	0.976758383136232	0.9748912369978283	0.7845179187584148	0.9287140942467104	0.9295521478827233	0.3867215610913672	0.8987840817054727	0.9355689086739617	0.91291233961756	0.7730981919148316	0.5291935600577956	0.7573511514865017	0.6732394775733542	0.9476968060290946	1.0	0.9448498960668048	1.0	0.9919772316016838	1.0	0.9871706525587028	1.0	0.9529162950168243	1.0	0.9452946375064297	0.3621919403499095	0.9236847244266169	0.4393230232520219	0.17723902242688164	0.9044150299843394	1.0	1.0	0.7215270581807273	0.9903748757976236	0.9604710035094579	0.8319764812365119	0.994119817738717	0.9395657499244304	1.0	0.9923914983860769	0.9655892236556605	1.0	0.9751612415185036	0.5318267694852787	0.7817011537597051	1.0	1.0	0.7968354856568843	1.0	0.9359677985828739	0.4590988856126989	0.9046085557823409
A8	0.8631750033817976	0.8613756886896934	0.7828589820089812	0.9144469788554804	0.8506246186117331	0.8849709187716809	0.9338011415637785	0.9344989393182027	0.8679298154151415	0.8913131928859567	0.8366599013190937	0.8374189637290044	0.7633699155897797	0.7688223756678126	0.8755104721123368	0.9238545765630986	0.6684208487446094	0.8285883362569697	0.8985571862022452	0.8242069890205316	0.8412290471479565	0.7236979680920285	0.9374355459609284	0.0	0.6902239838231402	0.8613072486153045	0.8889018350605085	0.7632400724075324	0.8639243195378585	0.8487924411031021	0.8780226489685377	0.8653195198914789	0.8219193861210613	0.8608261420955423	0.8707082303186586	0.8308538249376763	0.7264858148811127	0.870672062405509	0.7849024956532047	0.8096767847158839	0.6759926180028399	0.6955334888251624	0.774543348286917	0.8421797927021362	0.8838507087019454	0.8810216256553017	0.9062719974603856	0.8623933229795072	0.8410103445166892	0.8234052402962814	0.8000601281787478	0.989371819029353	0.8179516152985252	0.9889307726468088	0.7929968974108823	0.9472877773168472	0.6903743371072044	0.8814226435944367	0.7824896940856592	0.9357133921091076	0.9509892528201205	0.902038171599561	0.8542087936956703	0.8391334598682068	0.8628691147248916	0.833401260266457	0.8486020218972856	0.8772764008398485	0.737769538881198	0.8388497028173577	0.9537842212534586	0.7999530322569729	0.7977787980039156	0.8216611351003008	0.7249173006139682	0.9200189538624926	0.8644273651731451	0.9342285034229758	0.9584736841479872	0.880906484253008	0.8876144922856468	0.7182818167670386	0.8601469082635527	0.8311500036475165
FL-1	0.9064704414482379	0.8744513676984227	0.8447911582819739	0.9155894737414644	0.800870601738908	0.8878295434901868	0.9354700471667016	0.9361332810232846	0.7904827061433481	0.8570255238082455	0.8785878731882023	0.7597902067470232	0.7112477686208217	0.7741699887682639	0.8374044220148322	0.9528319730867022	0.7527266990276725	0.8907203974386566	0.9323633311370233	0.7482750560897351	0.8963924679124613	0.8728087424264406	0.9383808600554328	0.6902239838231402	0.0	0.8322497364725926	0.8260127101016208	0.7689658393384374	0.7146763069713096	0.8625328080667278	0.8976371381680569	0.9015312877140357	0.9011881929076495	0.8757415978787574	0.8441811203835291	0.8627071456557718	0.7306562948157019	0.8891349611597945	0.8749321825242914	0.8990833738749276	0.7127310204249482	0.703270882529388	0.8584606162274	0.8670375629968301	0.8444146621369661	0.8829894875497527	0.8715273481453613	0.7133323628450614	0.7852161588555384	0.7488070510963112	0.8713393020723513	0.9896355068393787	0.7533226614737795	0.9892165053040141	0.8697328269778719	0.948521120834587	0.598214508884526	0.8533742111182646	0.6990822999610304	0.9292200829823395	0.95167208494394	0.9047287358758173	0.8576361462610667	0.8976821706922733	0.945328063331649	0.7383852865228071	0.8010432886475847	0.8898452549283646	0.8923258601415488	0.8842879249256782	0.8807573257580048	0.8739943976709414	0.8081106306628322	0.7427126584182179	0.7559760692778456	0.845712991329108	0.833586581277332	0.9358761987427227	0.8933417948258069	0.9371419123841238	0.8543230155576835	0.7731418883822038	0.8056871959890949	0.8353385787437563
